1
291
-1
6489
-1
3897
-1
7444
-1
9246
5879
-1
3814
8134
-1
7779
8672
3313
9345
4534
-1
592
-1
6452
9985
8628
3797
6170
-1
4939
-1
-1
1837
7203
-1
8458
-1
-1
4104
-1
2155
6423
-1
2390
-1
-1
-1
603
6781
3065
-1
4648
-1
5593
-1
1562
3002
-1
-1
4101
5612
672
1511
-1
1966
7200
8375
1901
5699
2439
-1
4383
-1
-1
-1
7259
-1
716
-1
-1
-1
1509
-1
-1
-1
1368
8925
-1
-1
-1
3868
-1
-1
5443
688
-1
-1
6260
-1
2847
2804
0
2
3683
696
-1
98
764
-1
-1
1751
-1
290
3898
-1
-1
5246
-1
1198
2577
8160
-1
-1
-1
1289
648
4459
-1
-1
-1
9833
2220
4315
9026
-1
4717
-1
1035
2148
-1
6659
6104
-1
-1
4687
422
-1
-1
1420
398
-1
-1
6111
4551
8330
-1
1337
-1
-1
264
6494
-1
6819
-1
-1
-1
7544
-1
8110
9511
-1
2310
2679
-1
9358
4201
-1
-1
-1
-1
1116
-1
3116
5656
2780
3938
512
-1
-1
8732
-1
-1
-1
-1
-1
-1
3886
-1
2088
-1
-1
-1
7480
0
3
8425
-1
596
5342
-1
-1
8853
6240
-1
-1
1024
1146
-1
8538
-1
-1
8772
1264
2108
8684
9498
5951
1924
8355
9451
-1
2644
-1
5058
5537
-1
8387
6540
-1
5840
7337
-1
-1
-1
8932
5072
-1
-1
1559
3772
8972
-1
3509
-1
-1
4027
-1
5119
5900
1507
-1
5805
7394
349
-1
7202
4319
1389
941
856
221
4209
2707
-1
-1
-1
1652
7807
4179
-1
-1
-1
-1
9927
2601
9204
8907
-1
-1
4500
5838
2844
-1
9828
-1
2480
9219
6140
-1
1190
-1
237
9077
-1
-1
0
4
8280
-1
4023
1905
-1
540
2307
3285
9563
-1
-1
9349
-1
-1
3571
-1
-1
2174
5195
-1
311
5706
4158
326
-1
2155
-1
-1
-1
151
1090
-1
1264
-1
-1
4261
-1
-1
-1
7623
-1
4286
6033
-1
-1
-1
5296
-1
4496
2005
5593
8882
5931
5855
57
-1
669
-1
3455
-1
-1
-1
5420
-1
6742
-1
2037
3597
5310
7782
3914
-1
4043
-1
4099
-1
-1
7466
926
9004
-1
-1
-1
-1
7516
-1
9552
5094
386
5875
-1
-1
2970
-1
8949
5629
-1
-1
7529
9659
0
5
2884
2947
-1
8990
1051
-1
6126
-1
-1
-1
5706
-1
3399
8926
-1
4668
-1
-1
296
6005
-1
2933
-1
-1
4628
-1
8101
7686
-1
8173
7435
-1
3946
8918
1905
64
2511
-1
-1
5764
-1
7323
-1
8117
-1
6218
1029
7567
-1
-1
-1
-1
5298
7689
6074
5409
746
-1
9903
3026
2930
-1
-1
-1
-1
3616
6875
-1
2427
-1
4436
9924
-1
5269
-1
677
4501
7771
6129
5907
-1
2058
-1
1551
9405
-1
2678
942
7991
-1
-1
-1
5199
-1
-1
-1
2548
7634
-1
-1
0
6
1134
-1
4287
-1
7618
-1
9079
-1
3518
-1
3945
-1
7513
9044
5490
1098
-1
-1
8765
8522
-1
-1
2614
-1
99
-1
5480
-1
4558
-1
-1
7701
-1
5201
8071
9059
5478
-1
-1
-1
337
-1
7958
3540
-1
-1
-1
118
-1
-1
4675
-1
7213
6555
-1
1755
5392
-1
4560
878
7572
3062
6085
-1
9625
-1
135
6089
-1
7115
-1
7532
-1
4853
3807
-1
7168
4521
3881
-1
-1
-1
1733
-1
-1
-1
5246
-1
-1
5779
-1
9865
8684
1898
9253
6484
9224
-1
7269
6112
0
7
9269
7702
-1
6976
7023
5608
6259
-1
7411
-1
-1
8108
2333
5222
-1
-1
-1
-1
-1
-1
7030
7333
-1
-1
4685
-1
723
9751
1706
5554
3311
694
5409
1393
2513
2910
7410
2954
9098
-1
3644
3843
764
6123
-1
-1
1964
3869
8134
6688
-1
781
-1
3690
2919
827
-1
-1
3902
9867
1222
388
3392
7901
-1
8121
6661
3322
-1
4102
-1
-1
6323
-1
-1
-1
-1
-1
2537
3192
6233
-1
-1
9916
-1
-1
-1
8653
9646
-1
-1
684
-1
5304
7066
6074
-1
-1
244
-1
0
8
4895
9700
9960
-1
-1
233
-1
3218
9753
-1
4978
1551
5901
4125
-1
-1
6237
-1
-1
6943
-1
-1
-1
6227
-1
-1
2454
-1
6855
-1
8570
55
665
9293
-1
-1
-1
6163
-1
-1
2712
-1
4397
9931
6823
-1
5628
-1
4544
4806
-1
3375
7937
4565
3154
-1
-1
4903
-1
-1
-1
-1
-1
-1
2080
-1
1160
7842
-1
2968
1777
2455
-1
-1
-1
-1
2717
4343
-1
-1
7473
-1
245
-1
3619
-1
1447
-1
3871
4987
8779
9709
7473
4625
9575
5128
5612
7072
9248
4496
0
9
6721
4740
-1
-1
3248
8083
-1
-1
3069
9643
-1
2970
-1
-1
7595
3648
4214
-1
-1
-1
1426
4719
5490
-1
-1
-1
3237
-1
9829
8054
-1
7474
3341
33
619
-1
6056
7633
-1
622
6236
-1
5825
952
-1
-1
590
-1
4995
-1
-1
4502
-1
886
-1
1342
5331
7313
6607
4043
5900
5018
1803
-1
2342
6552
-1
6066
2743
-1
1400
2620
-1
-1
2358
9612
-1
-1
-1
-1
9796
4464
-1
100
2401
-1
-1
2952
3605
8076
3446
-1
472
4423
-1
-1
3489
-1
1839
-1
0
10
429
6478
7451
-1
-1
1957
4319
8019
-1
-1
-1
6750
-1
-1
7222
323
8369
9891
-1
-1
-1
-1
1770
-1
8484
-1
9275
9469
9720
6148
-1
-1
4284
-1
1033
-1
4606
-1
-1
5891
898
-1
-1
5186
802
-1
6429
-1
1906
442
2131
8475
7936
3798
70
6928
9411
5269
2349
-1
-1
5626
-1
7565
-1
1677
6490
5529
3259
1385
3029
3303
6289
-1
-1
-1
8858
1748
4347
-1
785
-1
3
7814
8661
-1
-1
9541
1368
9094
389
5542
-1
7593
7341
8118
-1
7398
7784
8647
0
